# Red
0 10 0 0
0 25 8 0
0 55 19 0

6 24 0 10
0 92 0 0
0 100 0 0

0 90 0 0 
17 78 45 0
7 95 45 0

7 66 36 0
26 89 56 0
32 89 24 0

15 98 60 0
0 60 60 0
0 64 65 0

0 70 100 0
0 72 63 7
7 79 78 20

0 86 100 0
0 100 100 0
0 100 80 0

20 78 80 0
10 80 60 0
16 86 70 0

0 80 80 30
25 70 53 0
36 66 58 0

48 78 66 10
35 75 76 1
0 58 80 0

53 84 57 8
33 100 86 1
0 100 100 50

0 60 100 50
45 82 100 11

# Yellow
7 4 66 0
5 0 65 0
0 25 70 0

5 20 90 0
0 25 90 0
0 50 100 0

0 30 75 0
0 40 82 0
0 67 92 0

15 0 71 0
2 30 58 0
7 50 80 0

0 28 42 0
2 52 75 7
20 60 85 0

11 28 82 0
22 31 93 0
0 60 78 0

28 43 82 0
40 62 100 1
44 38 53 0

42 52 64 0
53 59 88 8
54 72 100 2

47 74 83 0

# Blue
15 0 7 0
22 0 7 0

40 0 5 0
62 0 7 0

21 9 1 0
43 28 13 0

61 35 28 0
57 0 24 0

79 66 0 0
70 15 19 0

97 65 0 0
100 70 0 0 

91 96 23 0
94 71 41 3

100 85 15 0
82 70 50 11

100 85 50 24
89 75 35 1

82 70 50 11

# Green
50 0 30 0
25 0 35 0
50 0 100 0

31 3 90 0
50 0 100 0
46 1 84 0

50 0 85 0
63 0 80 0
73 0 100 0

80 0 100 0
100 0 100 0
83 83 100 0

80 0 100 0
100 0 100 0
83 38 100 0

100 0 100 20
80 55 79 20
60 6 60 0

56 24 65 0
61 36 70 0
71 26 64 0

16 3 11 0
32 14 24 0
45 0 35 0

58 0 38 0
70 0 40 0
61 14 34 0

64 0 55 0
67 2 47 0
85 10 45 0

79 56 58 8
70 30 50 5
57 54 100 7

# Auspicious Purple
15 20 0 0
13 27 11 0
27 41 0 0
38 37 0 0
42 42 0 0
58 60 0 0
68 90 0 0
25 91 8 0
78 100 54 20
90 92 3 4
71 89 48 12
81 87 40 0
62 86 88 52
76 82 46 8

# Caliography Black
76 61 51 6
84 60 57 15
85 75 70 10
82 79 57 25
0 20 0 80
66 66 61 14
69 78 73 4
65 90 95 50
66 64 78 25
90 85 70 70
87 87 76 61

# Gray
22 12 10 0
61 43 43 0
10 0 0 50
43 33 30 0
63 52 57 0
54 43 40 0
0 0 0 75

# White
7 1 8 0
8 0 1 0
15 7 7 0
11 4 3 0
10 6 3 5
22 12 10 0
7 6 3 0
7 5 6 0
1 0 22 0
1 9 9 0
7 8 15 0
10 14 36 0

# Golden
4 31 100 0
2 20 100 0
13 22 60 0

# Silver
11 10 4 0
30 16 22 0